117.91314  117.1761
195.12257  117.454025
272.49686  117.27794
349.90103  117.77196
427.029  117.659515
504.23407  117.368385
582.2757  117.514984
117.241234  194.92686
194.76454  194.84067
272.2956  194.69258
350.50995  194.70522
426.8741  194.91055
504.78522  194.66585
580.7118  194.22545
118.48507  271.789
195.4277  272.50565
273.2538  271.73538
349.79257  272.0809
427.2439  272.39474
504.53598  272.31995
582.03485  271.9866
118.34243  350.3213
196.62094  348.6364
271.52298  348.57175
350.02676  349.57126
428.7201  351.47635
504.00323  349.25308
582.28503  350.10068
118.53869  426.44745
195.08806  426.80313
272.8344  426.73532
349.60193  426.6354
427.0248  427.04633
504.5136  426.9398
581.80273  427.33746
119.302895  504.89478
194.89665  504.4547
272.36047  504.14618
350.0693  502.88818
427.08344  504.44025
504.58276  504.43448
582.6269  504.24347
118.27989  581.36316
195.15724  581.6592
272.46625  581.90826
350.44547  582.3551
427.3659  581.4644
504.47382  581.7386
582.3412  581.64105
